{'lab-manual-combine': (0.49655798007353114, 0.004183818685062823), 
'lab-manual-mm-split': (0.5199763165714146, 0.029765869166044494), 
'lab-manual-mm': (0.5215505183755781, 0.04320422036784187), 
'lab-manual-pc-split': (0.511359830185032, 0.06608500442373666), 
'lab-manual-pc': (0.4926931149760536, 0.03866334211052362), 
'lab-manual-sp-split': (0.5388238201357617, 0.0038105212512926233), 
'lab-manual-sp': (0.5449117056234637, 0.02864129394403982), 
'lab-manual-split-combine': (0.5164813190169019, 0.006434051812599381)}
